0.000
0.000
0.000
0.000
0.000
0.000
0.000
0.000
0.000
0.000
0.000
0.000
0.000
0.000
0.000
0.000
0.000
0.000
0.000
0.000
0.000
0.000
0.000
0.000
0.000
0.000
0.000
0.000
0.000
0.000
0.000
0.000
0.000
0.000
0.000
0.000
0.000
0.000
0.000
0.000
0.000
0.000
0.000
0.000
0.000
0.000
0.000
0.000
0.000
0.000
0.000
0.000
0.000
0.000
0.000
0.000
0.000
0.000
0.000
0.000
0.000
0.000
0.000
0.000
0.000
0.000
0.000
0.000
0.000
0.000
0.000
0.000
0.000
0.000
0.000
0.000
0.000
0.000
0.000
0.000
0.000
0.000
0.000
0.000
0.000
0.000
0.000
0.000
0.000
0.000
0.000
0.000
0.000
0.000
0.000
0.000
0.000
0.000
0.000
0.000
0.000
0.000
0.000
0.000
0.000
0.000
0.000
0.105
0.105
0.105
0.314
0.419
0.733
1.047
1.571
1.885
2.199
2.304
2.513
2.618
2.723
2.827
2.827
2.827
2.827
2.827
2.827
2.827
2.723
2.513
2.304
1.990
1.885
1.780
1.780
1.676
1.571
1.571
1.466
1.361
1.047
0.733
0.209
-0.419
-1.152
-1.780
-2.199
-2.513
-2.618
-2.827
-3.037
-3.142
-3.142
-3.142
-3.142
-3.142
-3.142
-3.142
-3.037
-3.037
-3.037
-2.932
-2.618
-2.199
-1.676
-1.257
-0.942
-0.419
0.314
1.047
1.780
2.409
2.827
3.037
3.246
3.456
3.665
3.979
4.084
4.084
4.084
4.084
4.084
4.084
4.084
4.084
4.084
4.084
4.084
4.084
4.084
4.084
3.979
3.665
3.351
2.827
2.199
1.466
0.942
0.314
-0.419
-1.361
-2.199
-2.827
-3.246
-3.456
-3.560
-3.665
-3.665
-3.665
-3.665
-3.665
-3.665
-3.665
-3.560
-3.351
-3.142
-2.723
-1.990
-1.152
-0.419
0.419
1.257
1.990
2.409
2.618
2.827
2.827
2.827
2.827
2.827
2.827
2.827
2.827
2.827
2.827
2.827
2.723
2.409
1.990
1.571
1.152
0.733
0.209
-0.314
-1.047
-1.780
-2.304
-2.618
-3.037
-3.351
-3.665
-3.875
-4.084
-4.294
-4.503
-4.608
-4.712
-4.712
-4.817
-4.817
-4.817
-4.817
-4.817
-4.712
-4.712
-4.712
-4.608
-4.294
-3.875
-3.142
-2.409
-1.571
-0.838
-0.209
0.209
0.524
0.628
0.733
0.942
1.047
1.257
1.361
1.466
1.466
1.466
1.466
1.466
1.466
1.466
1.361
1.257
1.152
0.838
0.524
0.105
-0.524
-1.257
-2.094
-2.827
-3.560
-4.398
-5.131
-5.550
-5.655
-5.655
-5.655
-5.655
-5.655
-5.655
-5.655
-5.655
-5.550
-5.550
-5.445
-5.131
-4.817
-4.503
-4.294
-3.770
-3.142
-2.409
-1.571
-0.942
-0.314
0.314
0.733
1.152
1.571
1.885
2.094
2.304
2.409
2.409
2.304
2.304
2.304
2.304
2.304
2.304
2.304
2.304
2.304
2.199
1.990
1.780
1.361
1.047
0.524
-0.105
-0.838
-1.676
-2.513
-3.246
-4.084
-4.922
-5.760
-6.388
-6.702
-7.016
-7.330
-7.645
-7.854
-8.063
-8.063
-8.063
-8.063
-8.063
-8.063
-8.063
-8.063
-8.063
-8.063
-8.063
-8.063
-8.063
-8.063
-8.063
-8.063
-8.063
-8.063
-8.063
-8.063
-8.063
-8.063
-8.063
-8.063
-8.063
-8.063
-8.063
-8.063
-8.063
-8.063
-8.063
-8.063
-8.063
-8.063
-8.063
-8.063
-8.063
-8.063
-8.063
-8.063
-8.063
-8.063
-8.063
-8.063
-8.063
-8.063
-8.063
-8.063
-8.063
-8.063
-8.063
-8.063
-8.063
-8.063
-8.063
-8.063
-8.063
-8.063
-8.063
-8.063
-8.063
-8.063
-8.063
-8.063
-8.063
-8.063
-8.063
-8.063
-8.063
-8.063
-8.063
-8.063
-8.063
-8.063
-8.063
-8.063
-8.063
-8.063
-8.063
-8.063
-8.063
-8.063
-8.063
-8.063
-8.063
-8.063
-8.063
-8.063
-8.063
-8.063
-8.063
-8.063
-8.063
-8.063
-8.063
-8.063
-8.063
-8.063
-8.063
-8.063
-8.063
-8.063
-8.063
-8.063
-8.063
-8.063
-8.063
-8.063
-8.063
-8.063
-8.063
-8.063
-8.063
-8.063
-8.063
-8.063
-8.063
-8.063
-8.063
-8.063
-8.063
-8.063
-8.063
-8.063
-8.063
-8.063
-8.063
-8.063
-8.063
-8.063
-8.063
-8.063
-8.063
-8.063
-8.063
-8.063
-8.063
-8.063
-8.063
-8.063
-8.063
-8.063
-8.063
-8.063
-8.063
-8.063
-8.063
-8.063
-8.063
-8.063
-8.063
-8.063
-8.063
-8.063
-8.063
-8.063
-8.063
-8.063
-8.063
-8.063
-8.063
-8.063
-8.063
-8.063
-8.063
-8.063
-8.063
-8.063
-8.063
-8.063
-8.063
-8.063
-8.063
-8.063
-8.063
-8.063
-8.063
-8.063
-8.063
-8.063
-8.063
-8.063
-8.063
-8.063
-8.063
-8.063
-8.063
-8.063
-8.063
-8.063
-8.063
-8.063
-8.063
-8.063
-8.063
-8.063
-8.063
-8.063
-8.063
-8.063
-8.063
-8.063
-8.063
-8.063
-8.063
-8.063
-8.063
-8.063
-8.063
-8.063
-8.063
-8.063
-8.063
-8.063
-8.063
-8.063
-8.063
-8.063
-8.063
-8.063
-8.063
-8.063
-8.063
-8.063
-8.063
-8.063
-8.063
-8.063
-8.063
-8.063
-8.063
-8.063
-8.063
-8.063
-8.063
-8.063
-8.063
-8.063
-8.063
-8.063
-8.063
-8.063
-8.063
-8.063
-8.063
-8.063
-8.063
